kinematics:
  shoulder:
    x: 0
    y: 0
    z: 0.1280098644371031
    roll: -0
    pitch: 0
    yaw: -0.0001104797747086747
  upper_arm:
    x: 6.637133931733579e-05
    y: 0
    z: 0
    roll: 1.57086230174377
    pitch: 0
    yaw: 8.04637579046105e-05
  forearm:
    x: -0.6125061558815662
    y: 0
    z: 0
    roll: 0.0001130007012579372
    pitch: 0.0008421517337868769
    yaw: 6.174132479142915e-05
  wrist_1:
    x: -0.5711633663050452
    y: 0.001263117428623243
    z: 0.163522080920465
    roll: 3.133868361553852
    pitch: 3.140641217738075
    yaw: 3.14151130224741
  wrist_2:
    x: -0.0002656776634946945
    y: -0.1157699965537115
    z: -7.108032066480653e-05
    roll: 1.571410305492738
    pitch: 0
    yaw: 6.217732386074971e-05
  wrist_3:
    x: -6.469384811902542e-05
    y: 0.09197454495475969
    z: 0.0001077789047794397
    roll: 1.5719681603223
    pitch: 3.141592653589793
    yaw: 3.141543202710958
  hash: calib_81255376271998266